502
866
2336
2368
2410
3400
3574
4504
4640
4982
5514
7136
9270
10616
11154
15056
17968
21312
23776
24118
24464
26180
30040
31648
34052
35492
38404
40264
43052
46628
50168
52948
54316
55172
55906
59640
59662
63336
64760
65856
66652
66928
68302
70168
71658
74968
78560
79792
80632
80800
81920
82582
84738
86890
88752
89840
93532
94108
97432
98740
102496
103272
107670
108368
108488
112360
112868
114800
117560
119248
119842
121490
123730
124348
125674
125992
126540
126616
127120
127672
128168
128220
129674
131464
131712
134024
139872
141502
143928
145440
145796
146656
148608
152058
153456
157386
157644
157664
158264
158976
159714
160366
161072
161384
162042
163042
163962
165824
166284
169110
170176
174108
176124
177232
179674
180016
182074
183400
184256
185376
187678
189456
191496
191788
194206
194224
197524
199884
201924
202048
202130
203624
204420
209842
221468
228392
229620
232392
233128
234072
236676
242564
243812
244128
244504
244576
245112
247798
248366
248768
249026
250252
252520
252820
252928
253696
254914
255636
257828
258516
259676
259968
260872
265360
266448
267874
269392
271736
271902
273088
276480
278208
278894
279064
280994
286658
287504
288572
290288
290930
292972
293000
293526
293648
293856
298816
299200
299328
301832
303552
304080
304540
306304
306764
308160
308808
309870
315800
316144
319408
323282
325904
326008
326936
327568
327952
330198
331332
333184
334254
334830
335072
335918
336288
337356
342224
342380
349636
349780
353134
353226
354038
354932
359072
359508
360210
363362
366562
368406
370148
379596
380330
381200
381674
382320
382860
383524
384256
386752
386992
389868
390804
394946
399080
399388
401616
404048
404144
406944
406992
409434
410232
410624
412626
415640
416216
417742
421072
421498
421796
424088
427226
427838
428712
429316
430660
431188
432136
439136
441184
441540
442686
443974
445678
451880
453592
456260
457888
458496
458520
459776
460704
461512
463608
464176
468012
468300
468408
469072
470248
471820
473464
474388
475534
478448
478850
480128
480136
480236
481424
481760
483352
484880
484968
488708
490004
490528
492720
493888
494040
495904
499386
499520
501448
504360
505624
505822
506952
508960
509776
510584
513188
514272
516696
518780
519120
519232
520666
521032
522048
523194
523488
526266
527686
527952
529104
529736
530076
532768
532808
532944
533442
539984
543620
544420
545086
547286
548454
549426
554384
557108
558408
559628
559776
560900
563784
563944
564000
564928
565368
565830
571096
572016
572720
574290
574888
575046
575450
578334
578620
583992
586368
586792
588464
593076
594304
594394
595996
596856
598556
600416
601100
602980
603496
603542
603760
604064
606864
608572
610128
610826
611216
614902
616824
618688
620496
620872
621648
623360
623472
624194
628968
629948
631004
633140
633504
634180
636762
637908
643204
643736
646348
648256
649996
650056
654212
655364
655416
655546
656952
658088
658346
660134
661080
661912
661972
662744
665000
665124
665206
668624
668942
671910
672804
674926
675552
675980
676834
677824
677888
680816
681104
681332
682140
682368
682484
682486
686408
686420
688772
689372
690684
691648
691812
692144
692678
694160
694516
697176
697512
699200
699892
701372
702474
705028
705100
705340
705362
706764
706992
708326
709532
712712
713696
714464
714496
722768
723888
725560
725632
725782
725858
726420
727284
728514
730528
732082
732932
736128
736132
736832
742396
742730
743760
747070
747400
749946
750484
751312
752224
754272
755576
756580
756998
757144
757328
758308
759800
760626
761520
762960
764732
766432
767508
769608
771200
774880
775482
777504
777790
779280
780672
782050
782882
784544
786384
789552
789662
793788
793990
798912
799536
800712
801720
801934
807316
807468
811372
813568
813896
819144
821826
825520
829344
830584
831550
832246
832376
834012
834448
834582
837312
837448
837696
838648
839892
845738
846924
849604
851466
851904
852598
853868
855828
855944
858768
862234
864634
865816
865998
866018
867398
867834
869510
870860
871664
872720
875392
880842
882288
884936
885278
887690
887984
889312
896384
898088
899520
899806
900578
901526
902608
903676
906978
906990
910592
910792
911652
913376
913694
913856
913960
914384
916016
916264
916354
919760
922414
922938
926746
930432
931402
938096
940212
940648
940770
941938
941994
944458
945984
946608
947270
951056
952004
952260
953630
954210
954672
958480
958736
962656
966250
967716
968296
968800
972312
972424
974844
974894
975628
976896
977722
977834
979784
980790
981786
983844
986046
986326
987464
988676
991072
991552
992624
994280
994728
994992
996588
997396
998114
998524
998608
998782
